1024 500 2
3674
3948
1121
4253
1130
4140
4783
3922
4248
2308
4285
4598
720
2656
1974
2588
4098
2902
888
667
2241
50
2303
2332
3065
4002
4015
4987
2901
2592
990
4003
706
2838
3636
3794
2827
1363
1481
3412
1337
228
3217
251
2887
1038
4126
563
1264
4511
4826
2276
1565
316
2134
4809
4095
2421
580
2205
2749
3805
3406
1501
435
2686
3298
1008
2135
3545
1227
1507
2593
2747
3300
1034
1078
891
1043
609
2553
4719
4151
3536
55
1990
288
1229
4389
1097
794
675
4256
1099
2445
1112
3321
1288
172
484
1571
2769
2104
493
3530
3317
1481
1887
2546
3843
4681
1113
209
20
1132
804
1730
2789
4743
188
199
258
932
1065
2170
1743
4087
1751
1056
4927
1697
1897
1467
1024
2838
1724
4714
4390
933
343
1975
2059
4187
1345
1940
3560
3396
59
779
1981
3080
4964
1121
2148
550
2003
1606
2660
2832
39
3476
3073
3506
2507
314
2481
4024
1133
4388
4226
2443
3197
4576
3070
311
611
191
4504
2156
3441
3645
3961
1679
727
1496
291
3021
4054
3353
2183
4603
4436
1658
25
2613
4670
2229
1249
817
3076
3092
957
2727
1485
3178
3369
3136
3516
932
2273
3023
210
3614
2805
2824
483
3350
3811
660
1277
431
3923
3358
1666
3205
851
3805
3687
2823
2235
3903
4348
46
1139
4598
4900
1536
2736
2137
1783
433
3965
1218
1403
2672
3142
1815
4914
265
3912
4103
588
3140
789
4164
3452
73
3995
1223
3088
4213
2892
2324
2083
702
1504
3235
325
3808
4086
2680
826
1825
1794
312
4319
2223
520
96
2432
484
823
1683
4647
3067
1528
2280
672
346
4805
326
3248
4659
1311
541
1403
121
2904
539
1164
3075
536
2663
175
3960
3570
4421
2187
1360
390
2575
4363
1355
1138
1700
3899
2344
1881
4527
1336
3084
862
3279
256
989
3849
590
4129
1569
1511
3417
1325
504
1505
4667
1771
4939
3331
3934
825
4647
3885
2719
4509
442
2926
3340
1603
1049
275
837
4769
2531
1744
261
4070
2542
4509
2395
2240
4188
2338
153
1757
1785
4277
1768
3058
4276
4888
94
2375
1928
3560
2790
2915
2301
1639
498
4092
3904
3411
4446
2190
1748
2080
4476
2741
1011
208
664
1166
4525
2587
1120
3399
1507
3250
330
4823
2169
4700
4194
2784
4406
4580
1846
1713
3001
2842
3287
3888
4185
981
2678
4973
1137
386
3217
2801
39
4686
4529
4053
3360
3271
2569
111
1041
2337
3357
72
2140
1733
3605
2305
4229
3572
2948
4347
712
4929
2465
1701
2466
3924
553
3768
2216
4706
1679
3439
3831
2354
3642
4514
1121
4435
4361
1538
1777
1425
1101
2767
3747
4334
1603
3396
2107
3869
3133
4460
3104
4073
731
870
1077
468
3915
4900
4924
1876
4187
3178
3759
2144
2959
2241
1701
681
3475
2299
2684
1915
1822
721
425
4635
4977
4343